356 156 120 255 0 0
50 13 207 108 236
21 37 119 182 126
42 34 221 103 154
51 10 246 134 100
9 21 188 204 243
30 41 255 194 122
34 8 227 240 129
18 20 142 134 118
13 23 237 213 184
36 6 178 170 212
11 42 194 236 227
8 41 146 180 145
19 44 202 150 149
17 42 123 159 166
8 21 209 163 175
43 50 217 124 114
18 32 234 112 186
31 32 140 176 135
26 25 157 234 193
32 37 151 186 213
8 25 134 156 137
40 32 250 138 149
24 46 237 240 163
38 46 225 145 166
12 37 232 237 253
32 47 136 220 140
6 14 201 214 226
12 50 120 163 199
40 34 119 188 142
9 15 211 161 145
26 33 236 177 222
42 26 234 111 232
46 42 100 149 215
50 34 113 175 135
30 6 219 143 167
17 12 251 222 245
12 11 107 212 120
8 31 232 205 136
51 19 210 117 226
47 21 216 166 179
27 31 243 133 122
41 51 245 172 146
32 8 214 186 142
41 12 213 129 146
40 46 242 197 221
33 10 241 238 163
42 25 227 182 182
43 18 151 150 250
13 22 205 145 216
6 9 178 183 182
28 26 172 128 150
38 14 130 130 188
7 17 147 235 102
36 17 210 168 123
36 49 180 162 241
19 28 220 116 251
14 29 240 102 204
32 9 249 173 198
28 41 119 128 119
18 42 111 140 136
32 51 169 130 198
42 14 181 175 111
38 18 169 147 227
45 15 234 141 225
16 13 134 125 111
9 17 250 250 217
9 46 101 191 199
44 15 251 150 153
10 16 215 224 228
19 38 213 116 184
34 10 177 197 178
47 46 235 172 187
47 48 203 101 196
47 38 225 102 144
10 39 132 105 122
26 20 174 133 220
15 34 205 148 136
29 22 212 174 160
20 12 224 108 123
11 48 135 231 135
36 26 248 217 224
30 36 244 173 166
21 7 122 226 207
6 34 114 237 118
50 17 201 193 254
23 45 106 230 196
6 27 132 223 239
15 51 233 170 148
32 15 127 120 218
46 50 182 227 195
23 13 202 207 149
28 31 204 108 244
13 21 162 245 235
11 44 188 170 230
11 13 180 223 227
47 27 181 107 148
44 32 196 107 100
10 18 226 160 122
42 43 114 221 115
49 28 200 127 246
19 43 141 211 254
16 35 151 182 156
18 14 211 138 156
11 9 167 131 243
43 44 249 106 232
36 26 238 164 190
44 23 231 213 237
30 47 132 171 210
44 28 143 241 204
35 37 122 106 139
48 25 211 188 255
42 36 162 143 130
23 7 179 139 213
33 18 181 248 201
23 9 220 127 240
42 20 241 153 174
25 34 236 143 164
36 47 243 106 224
19 17 236 113 114
25 8 194 136 244
50 35 119 161 243
35 35 201 152 116
37 21 219 150 221
14 7 187 111 145
27 35 156 150 135
36 40 222 238 126
16 27 165 204 105
35 10 151 141 192
26 47 211 131 154
16 44 174 187 144
42 36 130 238 247
46 40 104 193 135
11 10 136 121 138
25 30 101 151 154
48 11 182 118 206
9 9 203 211 101
27 33 214 247 144
7 20 217 166 136
36 27 231 142 232
39 19 209 212 135
19 18 117 219 179
15 29 174 252 130
38 48 248 249 222
47 28 104 188 249
14 51 155 171 106
41 39 113 118 117
21 25 152 106 109
26 15 241 174 204
20 32 202 163 124
29 28 116 101 255
31 32 232 174 129
36 23 220 201 131
48 15 123 244 139
7 18 218 105 165
41 33 176 163 255
34 22 231 212 210
28 32 221 192 168
33 30 251 252 247
25 39 248 111 218
41 24 148 210 206
38 15 246 205 189
7 6 209 105 136
42 33 245 157 162
27 37 184 103 185
10 33 149 183 204
34 30 255 142 171
7 32 193 194 209
50 44 245 122 119
40 9 106 136 247
40 34 217 161 218
28 42 108 216 186
12 18 127 251 254
50 18 203 107 219
51 33 249 155 218
21 30 211 184 163
43 6 213 171 175
15 50 172 218 241
49 32 125 209 255
20 15 136 180 173
26 39 184 131 145
39 22 200 172 186
26 29 146 167 216
23 44 135 191 117
30 12 175 211 142
33 28 233 206 203
20 46 112 198 125
21 16 167 204 178
28 45 230 160 160
6 16 125 219 221
33 44 198 190 156
17 23 173 144 145
35 25 187 126 177
16 27 234 146 174
13 6 235 216 162
17 40 194 104 217
36 16 240 241 106
42 51 144 123 240
27 27 153 229 251
32 21 140 165 228
30 8 119 185 145
24 50 240 138 152
31 11 122 139 228
44 41 234 155 189
38 25 135 109 200
7 23 148 216 107
18 39 182 199 219
49 14 197 221 199
28 8 145 239 185
44 15 253 179 117
12 51 128 119 254
9 32 182 245 176
44 22 207 173 248
27 6 197 183 194
30 8 239 177 253
29 47 175 135 210
51 47 138 194 116
39 8 222 149 173
9 24 231 140 134
12 27 218 254 231
16 11 130 198 137
47 39 245 211 113
49 48 123 250 250
11 34 248 115 119
48 51 205 210 193
30 15 111 217 191
17 29 165 158 177
33 32 104 229 151
11 50 252 216 193
47 18 240 108 146
27 28 236 247 170
9 39 139 193 176
18 46 142 118 149
13 48 165 104 197
33 11 229 173 177
18 42 137 230 177
11 22 185 126 191
25 46 225 186 158
19 38 101 252 164
15 36 240 184 173
32 10 100 238 209
39 30 255 214 230
8 50 150 122 240
9 19 232 109 167
26 38 173 164 105
39 14 171 206 228
27 21 121 241 100
28 44 215 200 239
18 8 219 195 165
36 17 193 160 186
22 46 235 209 226
48 44 139 213 201
14 38 248 247 127
44 33 225 133 222
28 40 230 110 173
18 26 229 180 196
15 36 166 150 178
24 13 144 186 253
39 41 150 105 195
17 28 196 122 197
26 6 132 124 114
48 29 114 135 190
23 12 135 132 215
43 27 106 172 116
13 14 230 137 253
35 9 237 194 177
40 28 217 112 134
7 15 217 110 103
34 15 161 145 111
41 30 197 134 186
12 22 254 110 131
48 45 137 108 245
36 12 133 172 150
12 33 209 143 240
25 34 196 132 243
39 8 144 240 218
12 25 152 111 201
31 21 110 200 160
37 45 112 113 154
41 10 199 140 213
34 36 124 110 238
20 22 106 143 167
29 45 237 142 158
24 46 116 164 205
41 25 159 106 226
43 7 168 213 239
45 51 196 144 105
27 22 125 230 163
25 43 250 101 181
30 19 129 254 137
7 31 194 167 118
22 15 131 209 102
35 25 119 212 102
51 44 205 142 120
29 48 243 192 128
20 27 177 204 149
35 49 171 130 209
10 43 159 204 136
17 13 163 210 191
9 23 162 147 239
43 40 119 195 110