356 256 130 255 0 0
27 9 135 233 217
16 45 238 214 190
33 31 242 100 114
24 14 228 175 131
15 35 157 217 148
48 20 167 185 173
62 27 180 113 183
44 30 188 235 139
18 30 101 246 223
47 63 170 252 114
15 27 254 180 210
15 44 232 106 216
41 51 104 190 141
17 54 153 221 106
25 43 234 153 112
28 37 235 234 218
55 61 137 230 234
37 37 172 196 230
43 29 131 173 202
50 43 141 147 246
20 54 216 217 228
39 44 107 235 225
40 9 130 120 252
10 56 207 150 230
53 10 190 113 156
62 55 152 215 224
43 59 238 152 184
12 11 228 148 135
16 37 209 217 223
45 12 251 127 224
46 18 166 185 101
58 54 197 255 246
19 63 106 126 102
16 24 202 199 193
15 54 140 103 135
33 29 179 225 217
47 19 136 226 218
28 15 216 195 136
16 15 245 224 209
13 48 234 118 111
43 23 147 226 248
59 16 226 105 240
22 44 205 178 177
52 9 149 212 237
34 13 194 168 189
50 42 152 193 161
21 48 168 176 164
36 57 100 224 251
57 21 133 217 252
17 44 173 156 158
24 57 128 195 234
59 17 129 155 168
37 14 147 129 171
55 48 140 251 162
59 45 240 139 103
60 13 151 181 114
31 39 174 132 119
62 23 225 195 184
40 43 145 142 226
16 22 160 170 109
47 42 103 186 128
30 21 132 152 150
30 13 135 165 170
21 11 249 150 117
57 34 188 137 180
29 63 157 252 115
34 61 127 234 251
38 18 219 206 205
53 62 224 106 144
16 58 241 194 207
45 36 243 253 235
40 39 219 184 225
37 23 103 250 132
25 13 238 155 148
32 43 194 198 221
51 35 245 183 147
39 45 142 243 229
47 60 105 214 103
24 12 221 239 200
61 41 254 136 206
18 26 112 111 204
12 34 192 171 100
8 18 234 117 164
51 29 219 115 140
39 49 145 175 161
15 11 222 218 202
41 31 143 204 109
35 17 190 241 177
39 31 107 235 142
21 53 175 209 150
34 47 158 175 217
25 10 135 160 156
63 13 251 168 138
41 43 119 140 114
59 17 231 253 240
58 53 166 164 161
64 58 186 255 109
39 60 139 235 132
57 25 193 229 241
8 64 132 222 182
12 12 156 221 184
22 20 101 196 116
33 44 194 212 171
46 10 122 223 231
29 43 212 111 204
45 39 108 198 210
47 23 201 233 189
61 22 253 223 184
13 36 152 163 138
19 25 104 114 200
50 37 141 157 238
44 28 212 222 170
9 18 191 102 250
20 31 214 196 231
54 23 183 219 120
44 57 202 106 142
12 10 201 216 238
35 20 108 177 168
11 63 135 162 166
38 46 252 181 147
62 62 229 118 117
48 9 167 147 198
41 20 112 150 208
51 23 218 164 238
41 52 146 207 224
57 21 196 101 153
36 45 121 252 151
45 14 196 133 114
26 9 231 242 215
46 25 244 212 133
64 63 100 141 138
35 40 187 182 162
51 19 132 230 175
33 55 230 118 216
25 45 169 112 219
51 24 108 159 132
25 51 226 179 231
28 43 107 238 197
50 28 105 106 189
50 24 101 209 194
29 22 245 251 156
47 41 165 243 107
41 30 148 223 113
52 22 150 246 174
21 9 148 144 254
16 26 160 100 137
9 49 212 179 227
61 60 183 184 242
25 28 240 188 181
11 31 110 224 170
35 21 228 190 139
19 19 104 145 141
9 57 117 197 116
45 52 127 118 247
61 44 236 135 224
51 11 176 185 253
53 20 186 104 108
19 57 248 244 174
27 64 151 154 196
41 8 245 208 124
50 37 219 100 251
48 16 207 145 162
44 31 105 206 141
21 42 184 133 112
53 17 153 199 169
30 23 187 220 105
64 25 137 138 227
41 28 180 190 179
51 45 161 135 155
52 40 139 166 194
37 51 147 130 170
42 15 176 132 100
62 19 116 113 107
26 13 228 214 116
64 32 234 252 106
8 25 218 249 156
22 24 209 135 176
12 33 188 239 170
18 21 129 151 252
38 20 125 225 104
63 37 180 128 143
30 10 152 166 208
60 47 174 160 195
34 27 150 242 225
40 63 242 197 142
8 46 101 118 233
29 17 158 212 120
40 19 246 204 160
10 40 129 225 192
55 9 113 217 238
14 14 247 100 174
32 33 120 169 120
35 37 219 235 172
24 35 147 192 122
37 35 199 187 226
16 54 250 247 212
31 63 198 119 246
36 59 112 193 155
10 64 119 153 173
39 34 207 194 234
17 19 190 216 150
48 22 208 231 145
34 18 131 137 183
16 54 251 108 242
18 42 197 240 163
15 19 174 171 221
49 10 115 101 143
25 52 129 243 175
10 47 245 205 132
61 39 240 109 231
42 31 126 147 255
9 23 165 230 144
49 18 212 146 149
14 57 106 197 107
24 39 104 107 119
34 17 184 247 216
28 33 141 216 224
44 10 191 195 109
48 17 194 142 168
29 16 212 184 195
17 58 163 252 113
56 29 188 176 253
52 50 218 254 150
16 50 227 244 252
14 24 234 201 148
55 8 137 255 222
11 48 137 180 209
18 34 201 188 130
50 55 211 230 233
30 52 209 247 126
36 37 168 218 163
9 16 225 150 240
27 29 116 104 121
49 42 238 118 149
19 34 237 158 112
46 13 113 245 111
64 12 112 108 103
10 57 125 125 119
36 51 166 225 130
30 53 238 210 195
28 10 253 117 153
39 19 174 178 252
30 12 114 184 105
18 64 127 158 202
36 49 196 144 140
15 10 220 243 187
27 18 172 231 169
8 24 163 204 195
30 36 220 172 134
16 18 135 121 131
41 64 224 196 152
20 58 177 197 197
39 54 118 235 223
14 14 161 176 162
52 52 252 155 178
33 19 215 182 149
25 26 252 113 229
14 16 150 136 226
28 45 150 131 175
19 20 191 229 223
13 35 100 240 159
27 9 170 168 101
60 57 247 212 121
45 47 101 183 249
51 60 203 212 168
35 23 237 177 166
47 21 233 214 117
32 26 191 128 209
60 29 246 229 180
13 27 130 170 117
53 62 216 193 251
23 55 111 100 124
22 32 220 175 180
20 57 116 193 140
36 41 218 126 109
32 62 162 118 230
11 25 113 252 255
40 57 222 109 147
50 38 120 134 255
10 9 210 146 160
37 43 109 191 152
43 11 235 195 119
26 41 184 168 157
34 14 105 144 252
23 53 144 196 113
12 31 137 150 201
48 41 252 132 105
25 19 203 146 164
8 22 246 167 212
24 42 126 127 233
59 63 240 141 187
17 40 213 133 177
13 22 238 253 121
22 36 227 121 184
63 50 203 212 241
44 49 199 208 225
36 28 200 105 143
48 47 150 180 173
25 28 222 180 175
22 28 125 112 195