206 256 200 255 0 0
16 15 207 108 236
20 29 119 182 126
25 7 221 103 154
30 24 246 134 100
21 29 188 204 243
16 9 255 194 122
34 14 227 240 129
16 5 142 134 118
7 31 237 213 184
31 31 178 170 212
30 16 194 236 227
27 28 146 180 145
30 9 202 150 149
17 10 123 159 166
22 30 209 163 175
15 32 217 124 114
17 5 234 112 186
12 7 140 176 135
27 14 157 234 193
25 9 151 186 213
24 6 134 156 137
32 18 250 138 149
21 33 237 240 163
19 20 225 145 166
20 4 232 237 253
20 13 136 220 140
13 33 201 214 226
8 30 120 163 199
22 12 119 188 142
34 13 211 161 145
17 27 236 177 222
28 7 234 111 232
27 14 100 149 215
25 9 113 175 135
13 23 219 143 167
28 28 251 222 245
8 10 107 212 120
25 27 232 205 136
11 4 210 117 226
11 19 216 166 179
7 33 243 133 122
17 17 245 172 146
20 5 214 186 142
13 20 213 129 146
31 20 242 197 221
24 31 241 238 163
23 31 227 182 182
22 4 151 150 250
16 12 205 145 216
30 32 178 183 182
24 13 172 128 150
33 26 130 130 188
14 17 147 235 102
16 32 210 168 123
29 30 180 162 241
18 30 220 116 251
33 19 240 102 204
9 5 249 173 198
18 12 119 128 119
17 32 111 140 136
32 9 169 130 198
32 26 181 175 111
31 34 169 147 227
16 6 234 141 225
4 31 134 125 111
24 10 250 250 217
8 31 101 191 199
30 20 251 150 153
8 28 215 224 228
20 15 213 116 184
7 30 177 197 178
12 16 235 172 187
28 15 203 101 196
26 19 225 102 144
21 25 132 105 122
31 22 174 133 220
9 33 205 148 136
25 24 212 174 160
16 8 224 108 123
17 25 135 231 135
5 34 248 217 224
8 11 244 173 166
4 21 122 226 207
26 10 114 237 118
32 26 201 193 254
4 10 106 230 196
5 34 132 223 239
23 13 233 170 148
11 28 127 120 218
10 33 182 227 195
28 16 202 207 149
31 18 204 108 244
31 30 162 245 235
12 33 188 170 230
7 19 180 223 227
9 19 181 107 148
26 25 196 107 100
14 15 226 160 122
31 4 114 221 115
5 8 200 127 246
25 25 141 211 254
28 18 151 182 156
26 22 211 138 156
9 29 167 131 243
29 14 249 106 232
17 15 238 164 190
5 9 231 213 237
9 34 132 171 210
34 27 143 241 204
27 5 122 106 139
25 27 211 188 255
34 21 162 143 130
16 10 179 139 213
27 16 181 248 201
24 28 220 127 240
32 16 241 153 174
12 28 236 143 164
22 5 243 106 224
27 32 236 113 114
25 26 194 136 244
7 9 119 161 243
20 26 201 152 116
4 8 219 150 221
22 13 187 111 145
8 30 156 150 135
27 7 222 238 126
26 28 165 204 105
29 16 151 141 192
17 15 211 131 154
6 28 174 187 144
22 11 130 238 247
4 30 104 193 135
14 17 136 121 138
14 33 101 151 154
5 26 182 118 206
30 11 203 211 101
31 6 214 247 144
23 5 217 166 136
17 15 231 142 232
26 18 209 212 135
8 21 117 219 179
4 29 174 252 130
33 15 248 249 222
22 6 104 188 249
20 7 155 171 106
28 21 113 118 117
25 29 152 106 109
4 8 241 174 204
25 29 202 163 124
33 15 116 101 255
12 33 232 174 129
26 15 220 201 131
12 28 123 244 139
16 26 218 105 165
11 19 176 163 255
16 16 231 212 210
27 5 221 192 168
4 23 251 252 247
8 29 248 111 218
10 15 148 210 206
25 16 246 205 189
23 19 209 105 136
19 34 245 157 162
7 34 184 103 185
11 29 149 183 204
30 32 255 142 171
28 13 193 194 209
17 27 245 122 119
27 26 106 136 247
29 15 217 161 218
19 15 108 216 186
22 6 127 251 254
5 24 203 107 219
21 4 249 155 218
19 17 211 184 163
27 33 213 171 175
20 22 172 218 241
23 18 125 209 255
21 22 136 180 173
6 8 184 131 145
7 15 200 172 186
26 20 146 167 216
27 33 135 191 117
29 6 175 211 142
17 23 233 206 203
21 7 112 198 125
28 23 167 204 178
27 24 230 160 160
15 28 125 219 221
19 11 198 190 156
20 14 173 144 145
16 18 187 126 177
8 10 234 146 174
10 12 235 216 162
10 28 194 104 217
15 28 240 241 106
34 11 144 123 240
34 27 153 229 251
17 5 140 165 228
5 33 119 185 145
7 11 240 138 152
31 30 122 139 228
10 16 234 155 189
22 24 135 109 200
22 19 148 216 107
13 33 182 199 219
16 33 197 221 199
5 23 145 239 185
20 19 253 179 117
10 29 128 119 254
34 13 182 245 176
34 14 207 173 248
33 20 197 183 194
18 32 239 177 253
7 18 175 135 210
12 10 138 194 116
15 27 222 149 173
5 33 231 140 134
15 30 218 254 231
24 4 130 198 137
8 29 245 211 113
24 31 123 250 250
30 25 248 115 119
24 14 205 210 193
17 7 111 217 191
13 21 165 158 177
21 16 104 229 151
12 25 252 216 193
27 15 240 108 146
10 7 236 247 170
14 16 139 193 176
9 34 142 118 149
27 22 165 104 197
7 30 229 173 177
30 30 137 230 177
6 12 185 126 191
12 33 225 186 158
9 11 101 252 164
20 22 240 184 173
12 32 100 238 209
25 24 255 214 230
28 7 150 122 240
33 12 232 109 167
11 18 173 164 105
6 23 171 206 228
27 17 121 241 100
33 29 215 200 239
20 26 219 195 165
30 34 193 160 186
16 33 235 209 226
32 22 139 213 201
33 19 248 247 127
30 13 225 133 222
31 28 230 110 173
30 31 229 180 196
13 7 166 150 178
11 14 144 186 253
33 27 150 105 195
23 26 196 122 197
11 4 132 124 114
15 14 114 135 190
34 34 135 132 215
18 16 106 172 116
10 19 230 137 253
18 21 237 194 177
10 22 217 112 134
34 11 217 110 103
10 30 161 145 111
33 18 197 134 186
33 29 254 110 131
18 25 137 108 245
15 13 133 172 150
11 25 209 143 240
4 18 196 132 243
24 31 144 240 218
30 19 152 111 201
5 20 110 200 160
29 7 112 113 154
28 30 199 140 213
11 34 124 110 238
25 6 106 143 167
18 22 237 142 158
22 20 116 164 205
4 9 159 106 226
23 26 168 213 239
13 20 196 144 105
5 23 125 230 163
31 20 250 101 181
11 4 129 254 137
20 34 194 167 118
30 28 131 209 102
10 9 119 212 102
32 24 205 142 120
24 21 243 192 128
25 28 177 204 149
33 24 171 130 209
7 31 159 204 136
12 32 163 210 191
20 14 162 147 239
23 19 119 195 110
10 26 181 111 230
13 30 238 113 238
24 13 117 211 105
19 26 229 210 192
16 9 160 251 226
4 33 245 164 196
26 30 192 221 104
24 15 126 190 235
30 17 151 110 230
6 16 198 227 222
28 7 168 244 151
8 34 206 138 226
28 27 239 115 114
22 10 176 240 242
32 16 151 252 210
31 4 105 180 180
13 6 170 193 240
9 31 144 214 130
28 10 194 207 100
34 28 220 244 209
11 8 203 116 193
28 6 254 235 195
31 26 161 167 115
25 23 206 125 220
12 12 222 220 240
18 15 127 235 119
24 30 132 131 199
9 11 140 156 219
21 12 155 231 202
30 22 157 181 200
19 32 236 129 240
29 12 186 159 166
5 32 144 145 106
29 28 244 241 182
15 6 150 155 247
29 24 236 224 192
14 24 164 129 159
11 13 237 126 227
34 30 107 149 218
8 4 244 146 159
5 34 150 158 166
24 31 177 185 198
5 27 248 216 210
8 8 129 200 169
4 22 246 227 129
20 33 248 250 166
24 8 139 206 185
13 9 232 128 195
9 25 221 239 101
18 34 186 238 187
7 23 154 253 117
21 22 190 150 254
33 26 170 236 211
32 26 252 125 114
27 34 138 199 180
5 31 121 142 184
26 19 152 109 154
22 11 115 138 181
29 25 135 141 225
31 20 179 135 153
26 8 126 170 111
30 5 221 143 200
17 6 155 176 246
27 13 220 222 226
5 22 211 100 186
6 15 125 230 187
18 12 166 105 227
28 8 234 249 105
16 18 116 154 144
25 5 245 210 184
18 30 181 181 195
12 15 118 163 225
24 11 126 226 245
27 21 120 154 140
14 24 172 120 129
14 22 185 215 224
12 6 123 127 230
14 25 174 187 173
29 32 240 100 113
25 27 113 231 111
4 15 126 194 214
9 11 242 247 146
30 21 119 109 167
21 13 182 172 121
10 20 181 107 250
22 16 255 217 235
24 33 155 251 232
7 15 108 236 167
6 6 188 142 195
5 9 195 171 177
13 34 127 184 183
12 10 246 152 151
20 5 124 202 175
22 23 226 134 141
32 31 204 163 235
10 24 107 143 211
13 26 202 105 142
16 23 172 228 209
28 31 155 141 238
4 25 174 166 199
33 32 244 181 170
20 21 151 203 159
22 33 165 194 140
31 21 156 148 206
13 23 248 162 205
12 21 228 214 185
10 14 252 239 105
32 29 118 112 218
20 24 183 232 219
23 4 109 133 221
28 30 221 227 151
34 32 148 157 230
11 10 188 175 171
8 12 173 192 213
28 11 139 171 221
6 23 249 186 205
27 16 237 128 125
26 11 136 183 185
8 16 246 153 240
20 25 147 235 124
26 8 193 166 141
29 21 164 239 173
6 5 134 238 198
22 26 166 135 179
31 12 252 174 159
28 13 145 137 165
34 26 109 183 220
19 21 135 131 167
16 25 116 107 218
8 31 181 156 247
29 22 215 203 180
8 16 226 198 219
12 12 173 210 201
20 34 138 148 103
6 15 209 123 172
14 21 214 170 117
7 4 239 116 195
10 18 220 224 177
4 33 249 103 173
14 33 183 146 243
27 22 101 133 143
11 17 169 107 172
9 17 108 142 135
33 29 145 209 190
27 32 245 116 236
8 5 171 119 189
11 24 192 110 240
18 5 199 115 238
22 32 194 179 222
29 15 193 119 102
5 6 204 250 155
19 15 109 126 171
22 13 205 121 173
27 6 109 174 135
32 31 125 185 250
15 29 158 183 159
31 8 111 218 229
22 32 237 216 153
30 7 176 192 196
24 10 134 109 248
22 11 110 179 115
20 24 224 172 214
32 23 216 162 112
6 30 124 250 212
26 20 131 205 105
29 9 171 170 182
29 19 248 115 108
25 19 187 144 127
27 23 152 170 132
13 4 224 154 208
33 14 157 246 102
5 22 213 106 212
34 6 215 166 126
22 7 142 225 235
32 9 164 235 252
31 25 140 228 231
31 14 153 227 162
30 26 210 163 229
18 18 192 115 227
10 14 171 172 101
19 25 207 153 212
24 19 253 185 184
17 34 102 166 134
30 4 220 222 209
4 19 117 128 100
24 23 238 197 232
15 7 157 255 166
10 33 144 109 150
20 26 117 118 170
22 7 122 211 189
7 23 167 222 201
14 30 159 154 150
17 23 191 203 235
23 30 182 226 207
9 32 112 211 254
32 11 133 241 194
28 30 233 103 155
31 30 220 166 154
7 31 130 197 248
24 17 184 155 218